-397.058824	-986.470588	285.294118	-40.000000	-840.588235	207.647059	-357.058824	1062.352941	337.058824	250.588235	-1137.647059	-221.764706	1098.823529	-614.117647	-1090.588235	-1118.823529	-810.588235	-838.235294	-984.705882	-978.235294	
-458.235294	-329.411765	655.294118	-387.058824	-1002.941176	-980.588235	-812.352941	-1122.941176	1132.941176	-622.352941	1008.235294	-179.411765	-377.058824	-702.941176	531.764706	1103.529412	-244.705882	870.000000	-62.941176	-928.235294	
-957.058824	-542.352941	1141.176471	-348.823529	10.000000	-591.764706	612.352941	142.941176	664.117647	225.294118	-1021.176471	117.058824	291.176471	-36.470588	770.000000	-0.588235	-46.470588	-1040.000000	-428.235294	-176.470588	
794.117647	-194.117647	-310.000000	-802.352941	1162.941176	9.411765	549.411765	-119.411765	-70.588235	1048.823529	-18.235294	-202.352941	-70.000000	-677.058824	-998.235294	-1068.823529	655.882353	409.411765	671.764706	-911.764706	
677.058824	-825.294118	231.764706	-722.352941	274.117647	641.176471	440.000000	273.529412	-908.823529	68.823529	1124.117647	-722.352941	237.058824	-274.705882	234.705882	-425.882353	-1142.352941	-126.470588	469.411765	-298.235294	
-1025.294118	625.294118	1021.764706	-827.058824	-925.882353	973.529412	377.058824	-1074.117647	1131.176471	589.411765	-554.705882	-88.823529	-905.294118	218.823529	1131.764706	-933.529412	-581.176471	122.352941	1154.705882	-227.058824	
295.882353	-231.764706	814.117647	276.470588	888.235294	357.647059	-225.294118	-522.941176	722.941176	63.529412	690.000000	377.647059	-190.588235	369.411765	-810.588235	507.058824	1108.823529	-413.529412	-207.058824	-752.352941	
922.352941	824.705882	-759.411765	-834.705882	-696.470588	-406.470588	-588.235294	-94.705882	386.470588	-497.058824	-707.058824	-269.411765	547.647059	734.705882	-308.823529	-992.941176	-271.176471	774.117647	-820.588235	-344.117647	
691.764706	396.470588	-922.352941	1033.529412	1024.705882	-1098.823529	-935.294118	36.470588	-943.529412	183.529412	-897.058824	1060.588235	-669.411765	-603.529412	-510.000000	901.764706	21.176471	693.529412	1024.705882	520.588235	
-395.882353	200.588235	125.882353	354.705882	675.882353	590.588235	-1046.470588	718.235294	-162.352941	-970.000000	255.882353	400.000000	-981.764706	-1121.176471	259.411765	-4.705882	695.294118	-1022.941176	-450.000000	598.823529	
1107.058824	-517.647059	-584.705882	140.000000	-154.117647	627.058824	1128.823529	-257.058824	-774.705882	400.000000	870.588235	295.294118	-968.823529	-302.941176	-445.882353	-961.176471	-240.588235	-708.823529	631.764706	112.352941	
411.764706	-2.941176	-297.647059	528.823529	-1088.235294	1127.058824	728.235294	59.411765	-488.823529	-1030.000000	156.470588	-700.588235	-865.294118	795.882353	-1142.352941	426.470588	-272.941176	1090.000000	-136.470588	608.235294	
-361.176471	-1058.235294	730.000000	-281.176471	558.235294	502.941176	-876.470588	-339.411765	-1060.000000	259.411765	-602.352941	506.470588	-431.764706	469.411765	754.117647	-1152.941176	819.411765	-818.823529	-967.647059	867.647059	
-894.117647	-637.058824	-1137.058824	-272.352941	-265.882353	476.470588	-927.647059	352.352941	-590.588235	-860.588235	858.823529	-114.117647	-2.352941	-1001.176471	-715.294118	-507.058824	-157.647059	-714.117647	-25.294118	-974.117647	
-1053.529412	-609.411765	-395.882353	1167.647059	64.117647	-648.823529	-817.647059	644.117647	-705.882353	-697.058824	1047.647059	-528.235294	925.882353	-825.882353	-143.529412	-1035.294118	1136.470588	-318.235294	509.411765	-426.470588	
-291.764706	-50.000000	354.117647	1010.588235	-925.882353	-459.411765	190.588235	528.235294	426.470588	-350.000000	374.705882	-920.000000	-675.294118	-707.647059	1164.705882	-777.647059	772.352941	-764.117647	664.705882	-571.176471	
247.647059	226.470588	255.294118	1090.588235	748.823529	-19.411765	754.705882	-437.647059	-1071.764706	1011.176471	638.823529	-702.352941	-88.235294	616.470588	235.294118	-668.235294	-837.058824	79.411765	310.000000	-311.764706	
-382.352941	-1090.588235	540.588235	298.823529	-343.529412	-246.470588	445.294118	-486.470588	948.235294	121.764706	941.176471	912.352941	332.352941	338.823529	-747.647059	-167.058824	-678.823529	-14.117647	560.000000	-81.764706	
-394.117647	101.176471	443.529412	-961.176471	-313.529412	-103.529412	78.235294	-398.235294	688.235294	677.058824	-427.058824	-351.764706	-1082.352941	301.176471	-281.176471	-669.411765	-768.235294	-231.764706	694.117647	484.117647	
1117.058824	-472.352941	-838.235294	-80.588235	1062.352941	480.000000	455.882353	-1014.117647	684.117647	-939.411765	671.764706	652.352941	853.529412	644.705882	-731.176471	873.529412	-475.882353	-773.529412	394.705882	393.529412	
